max: c;

// stability equations: 
u31_1A = 3.3333333333333335 i31A;
u31_2B = 3.3333333333333335 i31B;
u31_3C = 3.3333333333333335 i31C;
u31_4D = 3.3333333333333335 i31D;
1-0.5 > u31_1A + u31_2B + u31_3C + u31_4D;
// Intersection 31
o31A = 0.25 i31B + 0.0 i31C + 0.25 i31D;
o31B = 1.0 i31A + 0.0 i31C + 0.25 i31D;
o31C = 0.0 i31A + 0.5 i31B + 0.5 i31D;
o31D = 0.0 i31A + 0.25 i31B + 1.0 i31C;

// stability equations: 
u34_1A = 3.3333333333333335 i34A;
u34_2B = 3.3333333333333335 i34B;
u34_3C = 3.3333333333333335 i34C;
u34_4D = 3.3333333333333335 i34D;
1-0.5 > u34_1A + u34_2B + u34_3C + u34_4D;
// Intersection 34
o34A = 0.25 i34B + 0.0 i34C + 0.25 i34D;
o34B = 1.0 i34A + 0.0 i34C + 0.25 i34D;
o34C = 0.0 i34A + 0.5 i34B + 0.5 i34D;
o34D = 0.0 i34A + 0.25 i34B + 1.0 i34C;

// stability equations: 
u32_1A = 3.3333333333333335 i32A;
u32_2B = 3.3333333333333335 i32B;
u32_3C = 3.3333333333333335 i32C;
u32_4D = 3.3333333333333335 i32D;
1-0.5 > u32_1A + u32_2B + u32_3C + u32_4D;
// Intersection 32
o32A = 0.25 i32B + 0.0 i32C + 0.25 i32D;
o32B = 1.0 i32A + 0.875 i32C + 0.25 i32D;
o32C = 0.0 i32A + 0.5 i32B + 0.5 i32D;
o32D = 0.0 i32A + 0.25 i32B + 0.125 i32C;

// stability equations: 
u35_1A = 3.3333333333333335 i35A;
u35_2B = 3.3333333333333335 i35B;
u35_3C = 3.3333333333333335 i35C;
u35_4D = 3.3333333333333335 i35D;
1-0.5 > u35_1A + u35_2B + u35_3C + u35_4D;
// Intersection 35
o35A = 0.25 i35B + 0.0 i35C + 0.25 i35D;
o35B = 0.125 i35A + 0.0 i35C + 0.25 i35D;
o35C = 0.0 i35A + 0.5 i35B + 0.5 i35D;
o35D = 0.875 i35A + 0.25 i35B + 1.0 i35C;

// stability equations: 
u33_1A = 3.3333333333333335 i33A;
u33_2B = 3.3333333333333335 i33B;
u33_3C = 3.3333333333333335 i33C;
u33_4D = 3.3333333333333335 i33D;
1-0.5 > u33_1A + u33_2B + u33_3C + u33_4D;
// Intersection 33
o33A = 0.25 i33B + 0.0 i33C + 0.25 i33D;
o33B = 1.0 i33A + 0.0 i33C + 0.25 i33D;
o33C = 0.0 i33A + 0.5 i33B + 0.5 i33D;
o33D = 0.0 i33A + 0.25 i33B + 1.0 i33C;

// stability equations: 
u36_1A = 3.3333333333333335 i36A;
u36_2B = 3.3333333333333335 i36B;
u36_3C = 3.3333333333333335 i36C;
u36_4D = 3.3333333333333335 i36D;
1-0.5 > u36_1A + u36_2B + u36_3C + u36_4D;
// Intersection 36
o36A = 0.25 i36B + 0.0 i36C + 0.25 i36D;
o36B = 1.0 i36A + 0.0 i36C + 0.25 i36D;
o36C = 0.0 i36A + 0.5 i36B + 0.5 i36D;
o36D = 0.0 i36A + 0.25 i36B + 1.0 i36C;





// connect intersections and add max flow
o31B = i34A;
o31B < 0.3;

o31D = i32C;
o31D < 0.3;

o32B = i35A;
o32B < 0.3;

o32D = i33C;
o32D < 0.3;

o32C = i31D;
o32C < 0.3;

o33B = i36A;
o33B < 0.3;

o33C = i32D;
o33C < 0.3;

o34D = i35C;
o34D < 0.3;

o34A = i31B;
o34A < 0.3;

o35D = i36C;
o35D < 0.3;

o35A = i32B;
o35A < 0.3;

o35C = i34D;
o35C < 0.3;

o36A = i33B;
o36A < 0.3;

o36C = i35D;
o36C < 0.3;

// Sources
i31A = 0.08333 c;
i31C = 0.66666 c;
i32A = 0.08333 c;
i33A = 0.08333 c;
i34C = 0.08333 c;

c > 0; 


// set all szstem borders to 0


i33D = 0;

i34B = 0;

i35B = 0;

i36B = 0;
i36D = 0;

