max: c;

// stability equations: 
u25_1A = 3.3333333333333335 i25A;
u25_2B = 3.3333333333333335 i25B;
u25_3C = 3.3333333333333335 i25C;
u25_4D = 3.3333333333333335 i25D;
1-0.5 > u25_1A + u25_2B + u25_3C + u25_4D;
// Intersection 25
o25A = 0.25 i25B + 0.0 i25C + 0.25 i25D;
o25B = 1.0 i25A + 0.0 i25C + 0.25 i25D;
o25C = 0.0 i25A + 0.5 i25B + 0.5 i25D;
o25D = 0.0 i25A + 0.25 i25B + 1.0 i25C;

// stability equations: 
u28_1A = 3.3333333333333335 i28A;
u28_2B = 3.3333333333333335 i28B;
u28_3C = 3.3333333333333335 i28C;
u28_4D = 3.3333333333333335 i28D;
1-0.5 > u28_1A + u28_2B + u28_3C + u28_4D;
// Intersection 28
o28A = 0.25 i28B + 0.0 i28C + 0.25 i28D;
o28B = 1.0 i28A + 0.0 i28C + 0.25 i28D;
o28C = 0.0 i28A + 0.5 i28B + 0.5 i28D;
o28D = 0.0 i28A + 0.25 i28B + 1.0 i28C;

// stability equations: 
u26_1A = 3.3333333333333335 i26A;
u26_2B = 3.3333333333333335 i26B;
u26_3C = 3.3333333333333335 i26C;
u26_4D = 3.3333333333333335 i26D;
1-0.5 > u26_1A + u26_2B + u26_3C + u26_4D;
// Intersection 26
o26A = 0.25 i26B + 0.0 i26C + 0.25 i26D;
o26B = 1.0 i26A + 0.0 i26C + 0.25 i26D;
o26C = 0.0 i26A + 0.5 i26B + 0.5 i26D;
o26D = 0.0 i26A + 0.25 i26B + 1.0 i26C;

// stability equations: 
u29_1A = 3.3333333333333335 i29A;
u29_2B = 3.3333333333333335 i29B;
u29_3C = 3.3333333333333335 i29C;
u29_4D = 3.3333333333333335 i29D;
1-0.5 > u29_1A + u29_2B + u29_3C + u29_4D;
// Intersection 29
o29A = 0.25 i29B + 0.0 i29C + 0.25 i29D;
o29B = 1.0 i29A + 0.0 i29C + 0.25 i29D;
o29C = 0.0 i29A + 0.5 i29B + 0.5 i29D;
o29D = 0.0 i29A + 0.25 i29B + 1.0 i29C;

// stability equations: 
u27_1A = 3.3333333333333335 i27A;
u27_2B = 3.3333333333333335 i27B;
u27_3C = 3.3333333333333335 i27C;
u27_4D = 3.3333333333333335 i27D;
1-0.5 > u27_1A + u27_2B + u27_3C + u27_4D;
// Intersection 27
o27A = 0.25 i27B + 0.0 i27C + 0.25 i27D;
o27B = 1.0 i27A + 0.875 i27C + 0.25 i27D;
o27C = 0.0 i27A + 0.5 i27B + 0.5 i27D;
o27D = 0.0 i27A + 0.25 i27B + 0.125 i27C;

// stability equations: 
u30_1A = 3.3333333333333335 i30A;
u30_2B = 3.3333333333333335 i30B;
u30_3C = 3.3333333333333335 i30C;
u30_4D = 3.3333333333333335 i30D;
1-0.5 > u30_1A + u30_2B + u30_3C + u30_4D;
// Intersection 30
o30A = 0.25 i30B + 0.0 i30C + 0.25 i30D;
o30B = 0.125 i30A + 0.0 i30C + 0.25 i30D;
o30C = 0.0 i30A + 0.5 i30B + 0.5 i30D;
o30D = 0.875 i30A + 0.25 i30B + 1.0 i30C;





// connect intersections and add max flow
o25B = i28A;
o25B < 0.3;

o25D = i26C;
o25D < 0.3;

o26B = i29A;
o26B < 0.3;

o26D = i27C;
o26D < 0.3;

o26C = i25D;
o26C < 0.3;

o27B = i30A;
o27B < 0.3;

o27C = i26D;
o27C < 0.3;

o28D = i29C;
o28D < 0.3;

o28A = i25B;
o28A < 0.3;

o29D = i30C;
o29D < 0.3;

o29A = i26B;
o29A < 0.3;

o29C = i28D;
o29C < 0.3;

o30A = i27B;
o30A < 0.3;

o30C = i29D;
o30C < 0.3;

// Sources
i25A = 0.08333 c;
i25C = 0.66666 c;
i26A = 0.08333 c;
i27A = 0.08333 c;
i28C = 0.08333 c;

c > 0; 


// set all szstem borders to 0


i27D = 0;

i28B = 0;

i29B = 0;

i30B = 0;
i30D = 0;

