max: c;

// stability equations: 
u19_1A = 3.3333333333333335 i19A;
u19_2B = 3.3333333333333335 i19B;
u19_3C = 3.3333333333333335 i19C;
u19_4D = 3.3333333333333335 i19D;
1-0.5 > u19_1A + u19_2B + u19_3C + u19_4D;
// Intersection 19
o19A = 0.25 i19B + 0.0 i19C + 0.25 i19D;
o19B = 1.0 i19A + 0.0 i19C + 0.25 i19D;
o19C = 0.0 i19A + 0.5 i19B + 0.5 i19D;
o19D = 0.0 i19A + 0.25 i19B + 1.0 i19C;

// stability equations: 
u22_1A = 3.3333333333333335 i22A;
u22_2B = 3.3333333333333335 i22B;
u22_3C = 3.3333333333333335 i22C;
u22_4D = 3.3333333333333335 i22D;
1-0.5 > u22_1A + u22_2B + u22_3C + u22_4D;
// Intersection 22
o22A = 0.25 i22B + 0.0 i22C + 0.25 i22D;
o22B = 0.125 i22A + 0.0 i22C + 0.25 i22D;
o22C = 0.0 i22A + 0.5 i22B + 0.5 i22D;
o22D = 0.875 i22A + 0.25 i22B + 1.0 i22C;

// stability equations: 
u20_1A = 3.3333333333333335 i20A;
u20_2B = 3.3333333333333335 i20B;
u20_3C = 3.3333333333333335 i20C;
u20_4D = 3.3333333333333335 i20D;
1-0.5 > u20_1A + u20_2B + u20_3C + u20_4D;
// Intersection 20
o20A = 0.25 i20B + 0.0 i20C + 0.25 i20D;
o20B = 1.0 i20A + 0.0 i20C + 0.25 i20D;
o20C = 0.0 i20A + 0.5 i20B + 0.5 i20D;
o20D = 0.0 i20A + 0.25 i20B + 1.0 i20C;

// stability equations: 
u23_1A = 3.3333333333333335 i23A;
u23_2B = 3.3333333333333335 i23B;
u23_3C = 3.3333333333333335 i23C;
u23_4D = 3.3333333333333335 i23D;
1-0.5 > u23_1A + u23_2B + u23_3C + u23_4D;
// Intersection 23
o23A = 0.25 i23B + 0.0 i23C + 0.25 i23D;
o23B = 1.0 i23A + 0.0 i23C + 0.25 i23D;
o23C = 0.0 i23A + 0.5 i23B + 0.5 i23D;
o23D = 0.0 i23A + 0.25 i23B + 1.0 i23C;

// stability equations: 
u21_1A = 3.3333333333333335 i21A;
u21_2B = 3.3333333333333335 i21B;
u21_3C = 3.3333333333333335 i21C;
u21_4D = 3.3333333333333335 i21D;
1-0.5 > u21_1A + u21_2B + u21_3C + u21_4D;
// Intersection 21
o21A = 0.25 i21B + 0.0 i21C + 0.25 i21D;
o21B = 1.0 i21A + 0.0 i21C + 0.25 i21D;
o21C = 0.0 i21A + 0.5 i21B + 0.5 i21D;
o21D = 0.0 i21A + 0.25 i21B + 1.0 i21C;

// stability equations: 
u24_1A = 3.3333333333333335 i24A;
u24_2B = 3.3333333333333335 i24B;
u24_3C = 3.3333333333333335 i24C;
u24_4D = 3.3333333333333335 i24D;
1-0.5 > u24_1A + u24_2B + u24_3C + u24_4D;
// Intersection 24
o24A = 0.25 i24B + 0.0 i24C + 0.25 i24D;
o24B = 1.0 i24A + 0.0 i24C + 0.25 i24D;
o24C = 0.0 i24A + 0.5 i24B + 0.5 i24D;
o24D = 0.0 i24A + 0.25 i24B + 1.0 i24C;





// connect intersections and add max flow
o19B = i22A;
o19B < 0.3;

o19D = i20C;
o19D < 0.3;

o20B = i23A;
o20B < 0.3;

o20D = i21C;
o20D < 0.3;

o20C = i19D;
o20C < 0.3;

o21B = i24A;
o21B < 0.3;

o21C = i20D;
o21C < 0.3;

o22D = i23C;
o22D < 0.3;

o22A = i19B;
o22A < 0.3;

o23D = i24C;
o23D < 0.3;

o23A = i20B;
o23A < 0.3;

o23C = i22D;
o23C < 0.3;

o24A = i21B;
o24A < 0.3;

o24C = i23D;
o24C < 0.3;

// Sources
i19A = 0.66666 c;
i19C = 0.08333 c;
i20A = 0.08333 c;
i21A = 0.08333 c;
i22C = 0.08333 c;

c > 0; 


// set all szstem borders to 0


i21D = 0;

i22B = 0;

i23B = 0;

i24B = 0;
i24D = 0;

